2011-01-01,8.410,8.670,8.990,7.410,6.680,6.080,5.840,5.080,4.640,5.270,7.260,9.830,11.420,18.290,22.350,25.150,16.870,10.430,8.880,9.480,9.140,9.670,9.560,9.620
2011-01-02,9.720,9.690,-1,8.880,8.520,7.230,7.130,6.920,7.100,8.170,8.590,11.840,13.200,15.850,15.170,14.040,11.760,10.170,10.690,10.930,9.720,9.670,9.090,8.670
2011-01-03,9.120,9.430,9.070,9.170,7.830,6.920,5.290,6.650,7.490,7.100,9.830,12.180,16.400,18.290,19.360,16.010,13.650,11.760,10.740,9.170,8.720,8.650,7.340,5.740
2011-01-04,5.760,5.500,4.850,-1,4.740,4.140,3.560,3.510,5.690,6.310,8.360,44.250,40.240,26.040,20.440,20.310,18.630,16.740,13.910,11.820,8.930,8.830,8.700,9.170
2011-01-05,8.250,8.410,6.920,7.360,6.650,6.390,5.870,6.500,7.360,7.830,11.820,22.790,30.100,33.060,33.270,24.840,14.860,13.470,13.410,13.810,13.360,13.830,13.830,13.260
2011-01-06,12.100,11.840,10.660,9.720,-1,-1,-1,-1,-1,-1,-1,-1,-1,-1,-1,-1,-1,-1,-1,-1,-1,-1,-1,-1
2011-01-07,-1,-1,-1,-1,-1,-1,-1,-1,-1,-1,-1,17.630,39.350,40.220,30.940,22.820,17.080,15.120,13.960,-1,11.190,10.060,9.980,8.410
2011-01-08,7.310,6.100,5.970,5.760,5.290,4.950,4.380,3.560,3.510,4.240,5.840,29.820,30.390,28.560,20.860,19.130,17.190,12.470,8.910,9.350,8.830,8.280,8.280,6.760
2011-01-09,6.210,5.820,4.930,4.240,3.830,3.460,2.720,2.250,2.120,2.490,2.750,29.450,35.660,21.900,14.100,12.260,9.720,6.450,6.500,6.550,5.580,6.470,5.920,4.790
2011-01-10,4.530,4.240,3.750,3.430,2.800,2.650,2.490,2.250,3.170,5.000,6.970,11.080,15.880,21.410,19.890,17.370,14.040,13.780,13.810,12.730,11.760,10.220,10.240,9.670
2011-01-11,8.570,7.180,7.230,5.790,6.180,5.270,4.950,5.000,6.180,8.070,12.030,17.320,39.350,38.440,26.330,23.060,22.580,19.410,14.910,16.240,16.450,-1,12.340,10.610
2011-01-12,9.380,8.490,7.470,6.840,6.260,5.530,5.080,4.640,4.720,6.450,6.420,16.610,15.430,11.210,12.030,10.870,8.460,7.570,7.000,7.830,7.700,7.410,7.310,6.420
2011-01-13,5.900,5.290,5.370,5.060,4.270,4.110,3.880,3.380,4.090,6.520,7.390,37.470,47.290,20.040,15.040,13.470,12.370,9.880,8.250,7.600,6.810,7.230,-1,6.340
2011-01-14,5.840,5.210,4.950,4.510,3.620,3.200,2.960,2.670,2.150,2.930,3.460,23.110,28.740,12.680,9.120,10.400,7.860,7.550,6.030,7.130,5.710,5.630,6.210,6.550
2011-01-15,5.210,5.190,4.690,4.060,3.620,2.880,2.490,1.700,2.200,3.250,5.140,24.030,32.800,11.950,7.570,8.150,7.130,6.340,5.950,5.760,5.710,5.320,5.900,-1
2011-01-16,5.420,5.950,6.290,5.690,5.210,4.380,3.770,3.250,3.350,3.070,3.750,11.080,11.370,10.430,7.890,5.840,8.780,7.280,8.490,8.040,4.430,3.960,3.980,3.460
2011-01-17,3.140,3.560,3.410,3.170,3.070,2.490,2.040,2.720,3.510,5.290,8.100,32.330,37.490,17.060,12.450,12.790,14.510,12.310,6.790,7.310,5.420,5.110,6.810,6.000
2011-01-18,-1,4.560,4.090,4.270,3.900,3.690,-1,3.350,2.860,6.290,6.420,19.260,21.820,15.960,16.560,16.510,15.410,8.460,6.260,6.030,6.600,6.500,7.440,6.840
2011-01-19,6.260,-1,5.500,4.870,4.060,3.670,2.990,3.120,2.720,-1,-1,-1,-1,-1,-1,-1,-1,-1,-1,3.510,4.030,3.850,3.330,3.220
2011-01-20,3.540,3.120,2.910,2.540,1.940,1.360,1.230,0.760,0.580,1.860,2.670,-1,4.220,6.710,6.030,4.950,4.820,4.640,4.850,6.390,7.070,6.920,7.550,7.490
2011-01-21,7.180,7.100,5.920,4.900,3.930,3.510,2.930,2.750,2.700,2.590,2.620,2.380,3.070,2.360,1.570,1.760,1.700,1.390,-1,1.070,1.310,-1,-1,0.340
2011-01-22,0.760,1.830,1.760,1.860,1.990,1.730,1.360,1.620,2.150,2.310,2.930,4.950,5.920,5.970,5.630,6.860,5.970,5.790,3.750,2.700,2.020,1.910,1.360,0.470
2011-01-23,0.730,0.520,0.180,-1,-1,-1,-1,-1,-1,-1,-1,-1,-1,-1,-1,-1,-1,-1,-1,-1,-1,-1,-1,-1
2011-01-24,-1,-1,-1,-1,-1,-1,-1,-1,-1,-1,-1,-1,-1,-1,-1,-1,-1,-1,-1,-1,-1,-1,-1,-1
2011-01-25,-1,-1,-1,-1,-1,-1,-1,-1,-1,-1,1.890,-1,-1,11.110,-1,5.140,4.270,3.560,1.210,0.680,-1,-1,-1,-1
2011-01-26,-1,-1,-1,-1,-1,-1,-1,-1,-1,-1,10.220,8.650,44.570,26.960,15.270,7.470,3.900,9.200,6.470,5.820,1.310,1.280,0.970,0.810
2011-01-27,0.710,0.310,0.390,-1,-1,-1,-1,-1,1.680,2.780,5.870,4.030,3.350,3.690,8.930,4.950,5.550,6.290,7.210,8.910,11.060,12.630,14.570,15.960
2011-01-28,15.620,16.450,15.690,14.540,12.920,10.110,8.440,6.810,5.060,4.690,3.770,2.800,3.040,3.250,5.530,-1,4.060,3.120,2.860,3.750,4.690,4.350,3.070,2.070
2011-01-29,1.890,2.310,1.810,1.260,1.260,1.180,1.280,1.970,1.990,4.530,7.860,16.610,19.260,13.760,11.450,8.830,8.280,8.590,6.840,6.550,5.530,3.850,3.590,3.200
2011-01-30,3.670,4.010,4.270,3.620,3.670,3.330,3.410,3.350,4.480,4.480,5.530,12.470,26.280,22.930,19.230,11.920,-1,5.580,4.640,4.430,3.770,3.670,2.960,3.480
2011-01-31,3.770,4.140,4.300,3.980,3.620,2.720,2.020,1.230,2.040,2.960,3.880,13.700,15.410,15.930,10.930,9.350,9.540,7.050,6.760,5.840,4.220,3.330,3.430,2.650
2011-02-01,2.460,2.380,1.730,1.620,1.390,1.940,1.050,0.390,0.450,2.280,3.800,7.230,9.560,11.610,15.540,11.690,11.110,-1,11.080,7.340,5.400,4.720,4.980,2.670
2011-02-02,1.910,2.250,1.970,1.730,1.000,0.390,0.370,0.160,0.660,2.380,7.990,13.280,9.040,17.060,11.450,11.550,10.090,7.990,12.920,7.830,6.180,10.060,9.690,8.570
2011-02-03,8.930,9.900,11.710,10.240,9.850,8.490,9.220,6.890,6.310,9.640,10.900,12.050,13.620,18.680,12.450,10.790,-1,13.390,16.380,19.000,19.410,15.010,11.970,7.410
2011-02-04,9.460,5.110,5.370,4.560,4.220,3.540,2.670,3.280,6.370,10.690,24.080,37.680,25.700,29.450,11.060,12.810,16.090,14.410,18.810,12.050,9.850,9.640,10.380,8.910
2011-02-05,7.600,7.910,7.470,6.710,5.660,4.480,4.060,3.590,3.040,4.640,6.500,11.480,19.070,10.190,12.260,10.030,9.830,10.580,10.240,-1,4.220,4.220,3.850,4.320
2011-02-06,3.770,3.850,3.250,2.330,1.700,2.200,1.520,1.490,1.280,1.830,3.540,16.560,19.750,11.000,13.730,11.480,12.260,11.580,3.220,1.390,4.240,3.960,4.850,4.640
2011-02-07,4.690,5.160,4.820,4.320,4.030,4.530,3.750,3.460,4.010,6.600,9.540,23.740,26.620,23.480,16.010,17.420,26.460,23.550,18.940,16.900,-1,10.190,9.880,9.640
2011-02-08,8.750,6.890,5.370,6.890,6.130,5.240,5.610,5.480,6.600,12.000,15.750,22.010,26.620,17.240,11.000,21.540,23.060,19.130,12.630,10.300,8.440,7.860,6.680,7.620
2011-02-09,7.570,6.470,6.340,5.920,5.160,4.820,4.300,4.350,4.170,4.820,7.940,19.910,23.080,11.690,17.790,14.780,19.810,19.780,10.850,8.990,8.930,-1,6.390,6.180
2011-02-10,5.480,5.400,4.980,4.090,4.090,3.430,3.120,2.520,3.720,5.900,8.990,20.830,19.050,11.400,13.940,10.450,8.960,14.230,32.440,18.210,14.250,10.640,9.540,7.310
2011-02-11,7.230,7.600,6.340,5.690,5.060,4.590,3.880,3.880,5.080,9.170,13.470,11.690,16.640,20.120,26.020,21.140,15.640,11.550,7.130,5.530,5.920,6.100,-1,4.870
2011-02-12,4.170,4.140,3.720,3.120,2.170,1.570,2.070,2.170,1.520,1.910,2.830,3.330,3.750,4.320,5.420,5.630,5.820,5.580,5.550,5.760,6.420,7.100,6.000,5.920
2011-02-13,5.790,5.190,4.790,4.530,3.250,3.010,2.330,1.830,1.760,2.520,3.560,13.600,14.650,6.130,4.010,3.330,3.620,3.480,3.140,3.620,3.670,5.340,5.190,4.950
2011-02-14,5.060,4.720,4.770,3.750,3.350,3.010,2.540,2.070,0.810,3.200,4.480,6.630,7.890,6.760,7.990,13.100,9.770,6.080,3.720,3.880,3.540,3.690,3.120,3.070
2011-02-15,2.880,2.700,2.490,2.280,1.910,1.810,0.760,0.810,0.940,1.860,4.900,14.540,16.060,14.930,12.580,11.030,12.100,10.030,5.420,4.320,3.930,3.770,3.170,2.670
2011-02-16,-1,2.590,2.540,1.360,1.990,1.470,1.130,0.790,0.260,2.750,6.000,12.310,14.200,9.980,7.410,9.750,9.460,6.970,5.140,5.160,4.400,1.910,-1,0.100
2011-02-17,-1,-1,-1,-1,-1,-1,-1,-1,-1,-1,1.810,6.240,10.690,8.360,4.270,1.810,1.490,1.680,1.210,1.410,1.360,1.180,1.100,0.500
2011-02-18,1.130,-1,1.100,1.100,0.580,0.970,0.860,1.760,2.310,4.030,6.290,4.790,4.090,4.110,3.220,4.190,3.120,2.100,2.830,4.090,3.770,2.250,1.890,3.380
2011-02-19,3.090,3.330,2.460,2.780,2.440,1.570,1.070,0.790,1.600,3.510,9.670,10.870,9.170,7.020,9.540,8.100,8.830,7.490,3.620,1.410,2.700,1.550,-1,1.260
2011-02-20,0.450,1.050,-1,0.550,0.630,0.760,0.340,0.340,0.710,1.230,3.070,11.270,12.580,8.570,8.460,6.790,7.180,5.060,4.510,3.670,2.830,1.570,1.470,1.260
2011-02-21,0.660,0.580,0.730,0.790,0.240,1.000,0.340,-1,0.470,0.790,0.920,0.450,0.630,0.940,0.760,0.760,-1,1.020,-1,-1,-1,-1,-1,-1
2011-02-22,-1,-1,-1,-1,-1,-1,-1,-1,-1,-1,-1,-1,-1,-1,-1,-1,0.030,0.550,0.290,-1,-1,0.160,-1,-1
2011-02-23,0.520,-1,-1,-1,0.680,-1,-1,-1,-1,-1,1.890,7.680,15.670,8.570,5.710,4.240,4.140,3.590,3.200,2.750,2.700,3.250,2.520,1.390
2011-02-24,1.000,0.970,0.500,0.260,-1,1.280,0.920,0.240,-1,0.680,0.580,1.730,2.650,2.330,2.990,2.520,2.570,2.200,2.020,2.670,2.170,1.280,1.550,1.230
2011-02-25,1.760,1.000,1.100,0.890,0.860,0.810,0.130,0.600,1.470,3.280,9.960,18.420,19.230,17.450,13.960,10.530,8.520,7.340,6.240,4.220,3.960,3.540,2.800,2.990
2011-02-26,2.700,-1,1.340,1.230,2.330,-1,1.150,0.450,2.120,4.240,8.570,14.930,12.940,6.340,5.610,5.760,5.140,5.500,4.480,4.190,6.310,4.240,1.910,1.520
2011-02-27,1.700,2.020,1.810,1.470,0.840,0.890,0.630,0.790,1.310,6.130,12.500,11.320,8.750,7.620,10.190,11.110,8.380,7.520,5.550,3.280,2.910,1.860,0.680,0.500
2011-02-28,0.550,0.450,0.370,-1,-1,-1,-1,-1,-1,2.310,11.000,19.230,15.330,15.380,17.550,13.760,-1,6.030,4.010,3.560,3.880,3.120,2.070,2.310
2011-03-01,2.830,2.670,2.620,3.120,2.150,2.040,2.070,2.200,2.200,5.190,4.790,2.410,4.590,19.600,20.040,16.430,11.370,8.230,8.280,6.600,6.080,5.950,5.140,5.080
2011-03-02,4.660,4.510,3.250,1.150,-1,-1,0.550,-1,-1,-1,-1,-1,-1,6.390,3.460,1.830,0.860,0.240,0.180,-1,-1,-1,-1,-1
2011-03-03,-1,-1,-1,-1,-1,-1,-1,-1,-1,2.330,5.550,4.510,3.330,4.010,6.550,3.460,2.670,4.450,5.420,-1,0.970,1.000,0.050,0.290
2011-03-04,0.520,0.100,-1,-1,-1,-1,-1,-1,-1,2.800,5.660,8.750,8.800,9.410,7.070,5.370,6.000,5.480,3.590,3.430,3.350,3.120,2.540,1.830
2011-03-05,1.490,1.680,1.700,1.620,1.150,0.790,0.580,0.470,1.000,2.620,2.650,1.620,0.580,0.680,1.180,1.940,2.460,2.250,1.000,0.860,0.470,1.280,-1,0.660
2011-03-06,0.520,0.840,1.020,1.150,1.260,1.230,0.970,1.150,-1,0.550,0.970,1.550,0.840,1.280,-1,0.080,-1,-1,-1,0.520,-1,0.130,0.210,0.500
2011-03-07,0.160,0.500,0.340,0.240,-1,-1,-1,-1,2.020,5.190,3.010,1.730,1.700,1.520,0.680,0.100,-1,-1,0.390,1.360,5.140,1.810,3.200,-1
2011-03-08,-1,-1,-1,-1,-1,-1,-1,2.800,6.650,-1,-1,-1,-1,-1,-1,-1,-1,-1,-1,-1,0.100,0.810,-1,0.420
2011-03-09,-1,-1,-1,-1,-1,-1,-1,-1,-1,6.100,3.980,9.070,3.880,6.840,-1,16.530,-1,4.060,-1,-1,-1,-1,-1,-1
2011-03-10,-1,-1,-1,-1,-1,-1,-1,-1,-1,2.860,13.520,6.310,2.620,2.780,2.460,1.860,2.170,0.680,-1,-1,-1,-1,-1,-1
2011-03-11,-1,-1,-1,-1,-1,-1,-1,-1,-1,3.380,6.520,11.760,7.130,6.210,4.300,4.400,2.540,1.940,0.470,-1,-1,-1,-1,-1
2011-03-12,-1,-1,-1,-1,-1,-1,-1,-1,-1,5.420,7.470,10.300,7.130,5.480,6.450,7.700,4.850,1.680,-1,-1,-1,-1,-1,-1
2011-03-13,-1,-1,-1,-1,-1,-1,-1,-1,-1,4.720,9.410,8.700,3.690,4.380,3.200,2.830,4.450,2.150,2.070,0.100,0.970,0.890,0.920,-1
2011-03-14,0.470,-1,0.420,-1,-1,-1,-1,0.080,1.280,3.460,11.160,9.200,5.480,4.430,5.740,5.080,7.310,7.390,2.250,1.410,1.780,1.260,0.630,0.580
2011-03-15,0.390,-1,-1,-1,-1,-1,-1,-1,-1,0.920,7.150,9.830,14.670,11.820,11.140,9.090,9.250,8.360,5.400,4.510,4.270,2.440,1.050,0.940
2011-03-16,1.280,1.260,0.600,0.240,0.450,0.130,0.130,0.840,4.090,11.420,31.070,25.490,9.590,10.900,9.620,9.410,10.350,14.170,11.950,10.660,9.120,7.280,8.170,8.830
2011-03-17,7.650,4.660,1.700,1.650,1.150,0.520,0.630,1.890,2.150,11.160,10.110,7.620,9.330,12.450,11.450,6.160,3.960,1.730,1.050,3.980,0.760,-1,-1,-1
2011-03-18,-1,-1,-1,-1,-1,-1,-1,-1,-1,4.820,6.050,9.620,12.290,4.770,8.880,-1,2.830,0.630,-1,-1,-1,-1,-1,-1
2011-03-19,-1,-1,-1,-1,-1,-1,-1,-1,-1,-1,4.320,7.910,7.360,4.190,3.120,0.420,0.840,-1,-1,-1,-1,-1,-1,-1
2011-03-20,-1,-1,-1,-1,-1,-1,-1,-1,-1,-1,2.380,3.720,9.460,4.110,2.540,2.100,1.260,0.600,0.030,-1,-1,-1,-1,-1
2011-03-21,-1,-1,-1,-1,-1,-1,-1,-1,2.360,3.640,8.200,4.980,1.210,-1,-1,-1,-1,-1,-1,-1,-1,-1,0.550,0.390
2011-03-22,-1,-1,-1,-1,-1,-1,-1,-1,1.620,-1,4.140,0.470,-1,-1,-1,-1,-1,-1,-1,-1,4.430,4.870,0.710,-1
2011-03-23,-1,-1,-1,-1,-1,-1,-1,-1,11.920,19.310,9.250,7.020,6.710,6.240,5.530,3.900,5.210,3.330,0.550,-1,-1,-1,-1,-1
2011-03-24,-1,-1,-1,-1,-1,-1,-1,-1,2.440,9.880,14.910,8.990,5.790,5.840,3.830,3.090,3.480,2.780,1.860,0.340,-1,-1,-1,-1
2011-03-25,-1,-1,-1,-1,-1,-1,-1,-1,4.240,6.000,6.710,8.330,9.750,5.690,8.380,8.620,6.180,3.750,0.810,-1,-1,-1,-1,-1
2011-03-26,-1,-1,-1,-1,-1,-1,-1,-1,-1,5.080,7.730,3.720,4.640,4.350,4.510,3.540,2.200,1.570,0.890,-1,-1,-1,-1,-1
2011-03-27,-1,-1,-1,-1,-1,-1,-1,-1,2.360,3.090,2.700,3.010,2.960,1.810,4.220,4.140,1.780,-1,-1,-1,-1,-1,-1,-1
2011-03-28,-1,-1,-1,-1,-1,-1,-1,-1,2.280,3.670,2.280,3.070,3.380,1.620,5.790,3.540,3.380,0.390,-1,-1,-1,-1,-1,-1
2011-03-29,-1,-1,-1,-1,-1,-1,-1,-1,-1,-1,-1,10.220,3.930,14.830,0.160,0.520,-1,-1,-1,-1,-1,-1,-1,-1
2011-03-30,-1,-1,-1,-1,-1,-1,-1,-1,-1,-1,-1,0.260,4.660,2.670,-1,-1,-1,-1,-1,-1,-1,-1,-1,-1
2011-03-31,-1,-1,-1,-1,-1,-1,-1,1.730,2.590,13.000,14.490,5.870,4.350,0.630,0.260,1.620,0.840,0.210,-1,-1,0.080,0.790,0.050,1.210
2011-04-01,0.860,1.340,1.260,0.390,0.630,0.810,0.630,1.490,12.810,17.240,13.890,6.650,5.630,6.340,5.240,5.480,-1,4.870,3.980,2.040,2.380,8.020,-1,0.860
2011-04-02,1.050,0.630,0.790,1.150,1.050,0.290,0.940,-1,3.430,11.210,9.560,5.970,8.380,7.990,7.620,7.050,5.190,3.010,1.990,1.260,0.660,0.160,0.920,1.760
2011-04-03,0.790,-1,-1,-1,-1,-1,-1,-1,-1,3.960,4.480,3.380,2.230,0.810,1.520,1.100,1.360,-1,1.280,0.160,-1,-1,-1,-1
2011-04-04,-1,-1,-1,-1,-1,-1,-1,-1,1.550,2.800,7.340,6.730,3.880,4.140,2.960,3.690,-1,-1,-1,-1,-1,-1,-1,-1
2011-04-05,-1,-1,-1,-1,-1,-1,-1,-1,-1,-1,1.150,-1,-1,-1,-1,-1,10.320,-1,-1,0.920,-1,-1,0.840,1.020
2011-04-06,1.020,-1,-1,0.470,0.520,0.790,0.550,2.170,1.830,2.490,20.020,-1,-1,-1,-1,-1,-1,-1,-1,-1,-1,-1,-1,-1
2011-04-07,-1,-1,-1,-1,-1,-1,-1,-1,-1,-1,-1,-1,-1,-1,-1,-1,-1,-1,-1,-1,-1,-1,-1,-1
2011-04-08,-1,-1,-1,-1,-1,-1,-1,-1,-1,-1,-1,-1,-1,-1,-1,-1,-1,-1,-1,-1,-1,-1,-1,-1
2011-04-09,-1,-1,-1,-1,-1,-1,-1,-1,-1,-1,-1,-1,-1,-1,-1,-1,-1,-1,-1,-1,-1,-1,-1,-1
2011-04-10,-1,-1,-1,-1,-1,-1,-1,-1,-1,-1,-1,-1,-1,-1,-1,-1,-1,-1,-1,-1,-1,-1,-1,-1
2011-04-11,-1,-1,-1,-1,-1,-1,-1,-1,-1,-1,-1,-1,-1,-1,-1,-1,-1,-1,-1,-1,-1,-1,-1,-1
2011-04-12,-1,-1,-1,-1,-1,-1,-1,-1,-1,-1,-1,-1,-1,-1,-1,-1,-1,-1,-1,-1,-1,-1,-1,-1
2011-04-13,-1,-1,-1,-1,-1,-1,-1,-1,-1,-1,-1,-1,-1,-1,-1,-1,-1,-1,-1,-1,-1,-1,-1,-1
2011-04-14,-1,-1,-1,-1,-1,-1,-1,-1,-1,-1,-1,-1,-1,-1,-1,-1,-1,-1,-1,-1,-1,-1,-1,-1
2011-04-15,-1,-1,-1,-1,-1,-1,-1,-1,-1,-1,-1,-1,-1,-1,-1,-1,-1,-1,-1,-1,-1,-1,-1,-1
2011-04-16,-1,-1,-1,-1,-1,-1,-1,-1,-1,-1,-1,-1,-1,-1,-1,-1,-1,-1,-1,-1,-1,-1,-1,-1
2011-04-17,-1,-1,-1,-1,-1,-1,-1,-1,-1,-1,-1,-1,-1,-1,-1,-1,-1,-1,-1,-1,-1,-1,-1,-1
2011-04-18,-1,-1,-1,-1,-1,-1,-1,-1,-1,-1,-1,-1,-1,-1,-1,-1,-1,-1,-1,-1,-1,-1,-1,-1
2011-04-19,-1,-1,-1,-1,-1,-1,-1,-1,-1,-1,-1,-1,-1,-1,-1,-1,-1,-1,-1,-1,-1,-1,-1,-1
2011-04-20,-1,-1,-1,-1,-1,-1,-1,-1,-1,-1,-1,-1,-1,-1,-1,-1,-1,-1,-1,-1,-1,-1,-1,-1
2011-04-21,-1,-1,-1,-1,-1,-1,-1,-1,-1,-1,-1,-1,-1,-1,-1,-1,-1,-1,-1,-1,-1,-1,-1,-1
2011-04-22,-1,-1,-1,-1,-1,-1,-1,-1,-1,-1,-1,-1,-1,-1,-1,-1,-1,-1,-1,-1,-1,-1,-1,-1
2011-04-23,-1,-1,-1,-1,-1,-1,-1,-1,-1,-1,-1,-1,-1,-1,-1,-1,-1,-1,-1,-1,-1,-1,-1,-1
2011-04-24,-1,-1,-1,-1,-1,-1,-1,-1,-1,-1,-1,-1,-1,-1,-1,-1,-1,-1,-1,-1,-1,-1,-1,-1
2011-04-25,-1,-1,-1,-1,-1,-1,-1,-1,-1,-1,-1,-1,-1,-1,-1,-1,-1,-1,-1,-1,-1,-1,-1,-1
2011-04-26,-1,-1,-1,-1,-1,-1,-1,-1,-1,-1,-1,-1,-1,-1,-1,-1,-1,-1,-1,-1,-1,-1,-1,-1
2011-04-27,-1,-1,-1,-1,-1,-1,-1,-1,-1,-1,-1,-1,-1,-1,-1,-1,-1,-1,-1,-1,-1,-1,-1,-1
2011-04-28,-1,-1,-1,-1,-1,-1,-1,-1,-1,-1,-1,-1,-1,-1,-1,-1,-1,-1,-1,-1,-1,-1,-1,-1
2011-04-29,-1,-1,-1,-1,-1,-1,-1,-1,-1,-1,-1,-1,-1,-1,-1,-1,-1,-1,-1,-1,-1,-1,-1,-1
2011-04-30,-1,-1,-1,-1,-1,-1,-1,-1,-1,-1,-1,-1,-1,-1,-1,-1,-1,-1,-1,-1,-1,-1,-1,-1
2011-05-01,-1,-1,-1,-1,-1,-1,-1,-1,-1,-1,-1,-1,-1,-1,-1,-1,-1,-1,-1,-1,-1,-1,-1,-1
2011-05-02,-1,-1,-1,-1,-1,-1,-1,-1,-1,-1,-1,-1,-1,-1,-1,-1,-1,-1,-1,-1,-1,-1,-1,-1
2011-05-03,-1,-1,-1,-1,-1,-1,-1,-1,-1,-1,-1,-1,-1,-1,-1,-1,-1,-1,-1,-1,-1,-1,-1,-1
2011-05-04,-1,-1,-1,-1,-1,-1,-1,-1,-1,-1,-1,-1,-1,-1,88.140,14.960,17.820,20.780,22.930,23.660,24.710,25.230,25.940,26.510
2011-05-05,30.420,26.590,21.900,22.690,25.550,25.570,23.550,24.970,24.890,24.940,23.760,25.550,26.300,25.780,25.280,25.410,24.650,24.990,24.730,24.920,24.500,24.710,24.420,24.290
2011-05-06,24.710,23.630,23.580,23.710,24.030,23.320,-1,24.440,26.750,26.120,25.990,26.620,26.990,26.280,26.040,25.700,24.290,24.630,23.680,23.080,23.610,23.760,23.320,23.450
2011-05-07,23.160,23.480,23.290,23.190,23.370,23.340,23.760,24.030,25.570,27.120,27.040,26.490,26.440,25.470,26.120,24.940,24.340,24.440,24.310,24.420,23.610,23.320,23.760,23.420
2011-05-08,23.240,23.500,22.530,23.420,23.270,23.530,23.660,-1,24.760,25.700,25.520,25.020,24.990,25.940,25.360,24.390,24.290,23.740,23.680,23.580,23.450,23.000,23.370,23.610
2011-05-09,23.760,23.890,23.450,23.480,24.390,23.890,23.550,23.370,23.080,22.870,22.110,23.790,23.580,23.680,23.500,23.710,23.500,23.290,23.110,23.530,23.580,23.420,23.840,23.580
2011-05-10,23.240,23.030,23.240,23.680,23.420,23.550,23.480,27.770,-1,25.310,24.390,23.790,24.240,24.260,-1,24.240,24.370,24.000,24.370,25.440,25.200,24.550,23.500,23.530
2011-05-11,23.500,23.160,23.450,23.210,23.480,23.580,23.820,24.290,24.130,24.520,25.260,28.820,27.900,26.700,25.680,25.360,24.810,24.760,24.290,23.760,24.000,24.050,23.790,24.000
2011-05-12,23.740,23.450,23.210,23.190,23.480,23.680,23.760,24.390,26.040,37.260,30.650,27.750,26.330,25.180,25.280,25.700,25.750,25.070,24.650,25.230,24.210,24.080,23.870,-1
2011-05-13,23.480,23.480,23.480,23.740,24.260,23.060,22.980,24.600,26.990,26.570,27.960,26.650,25.940,27.170,26.230,25.620,25.150,25.620,25.200,24.440,24.600,24.440,23.450,23.840
2011-05-14,23.550,22.950,22.820,23.500,23.290,23.420,22.850,25.650,26.020,26.650,-1,25.570,26.170,26.880,27.140,25.680,26.120,25.990,24.890,24.390,23.870,24.160,23.970,23.480
2011-05-15,23.240,23.480,23.290,23.400,23.480,23.160,23.580,24.890,24.500,24.650,24.990,24.810,25.150,25.550,26.360,26.670,25.020,24.520,25.440,24.970,24.650,24.630,24.160,15.770
2011-05-16,23.920,-1,24.550,24.650,24.160,24.050,23.110,22.870,23.480,23.920,24.420,-1,23.580,23.290,23.580,23.290,23.500,23.370,23.680,23.210,23.370,23.420,23.480,23.110
2011-05-17,23.210,23.340,23.370,23.840,23.580,23.270,23.000,24.080,25.340,26.300,25.260,25.600,24.080,23.840,23.530,23.580,25.410,21.750,22.240,23.000,23.710,23.710,23.820,23.400
2011-05-18,23.450,23.370,23.500,23.450,23.000,22.930,22.950,23.610,25.780,26.930,23.530,25.100,24.130,19.470,22.480,22.950,23.450,23.790,23.370,23.130,23.160,23.400,23.270,22.980
2011-05-19,23.400,23.500,-1,23.210,23.480,23.370,23.240,23.680,24.810,24.260,27.220,26.360,25.780,24.970,24.470,23.710,23.660,23.870,23.240,23.680,23.420,23.130,22.770,23.110
2011-05-20,22.850,23.160,23.160,23.270,22.740,23.080,23.160,24.210,26.360,27.540,26.100,24.840,25.620,26.860,25.230,24.810,24.420,23.500,23.530,23.060,23.190,23.450,23.420,23.320
2011-05-21,22.930,23.130,23.240,23.580,-1,22.770,22.980,24.050,25.700,29.580,28.010,26.990,26.670,25.990,25.230,24.500,24.310,24.000,24.000,23.610,23.420,23.320,23.530,23.580
2011-05-22,22.820,22.980,23.290,23.340,23.610,23.270,22.660,23.340,26.440,27.170,27.040,26.250,27.090,26.990,-1,24.180,23.530,23.290,23.710,23.550,23.240,23.580,23.970,23.840
2011-05-23,23.000,22.930,23.340,23.270,22.900,23.240,23.370,23.450,25.050,24.840,24.000,25.180,26.700,25.750,25.620,25.050,24.310,24.890,24.310,24.000,23.500,23.500,23.970,23.060
2011-05-24,22.900,21.010,22.610,22.790,23.420,22.930,23.610,23.890,24.730,25.230,25.940,27.820,28.660,27.300,26.590,-1,25.680,25.280,24.520,24.650,23.480,23.790,23.920,23.760
2011-05-25,23.550,23.270,23.630,23.420,23.080,23.370,23.680,24.760,26.380,26.540,26.590,27.140,26.360,25.890,25.230,24.390,23.630,23.740,23.630,23.950,23.970,23.950,24.080,24.160
2011-05-26,23.790,23.580,23.820,23.450,23.710,23.630,23.680,23.950,24.290,25.230,26.360,26.650,26.670,26.230,25.940,24.680,24.370,24.370,24.180,23.660,23.920,24.390,24.000,24.520
2011-05-27,23.920,24.030,23.870,23.870,23.480,23.790,23.870,24.710,26.250,25.730,24.790,25.130,24.840,25.600,25.830,26.120,25.810,24.760,24.990,24.290,23.790,22.610,23.320,23.580
2011-05-28,23.370,23.580,23.130,23.370,23.820,23.790,23.160,21.040,25.150,25.070,24.990,25.810,26.280,25.650,25.310,24.940,24.810,-1,24.370,24.370,23.760,23.740,23.890,23.760
2011-05-29,23.890,23.760,23.500,23.890,23.710,23.480,23.610,24.390,25.310,25.200,25.730,26.330,25.650,24.840,25.440,25.050,24.240,23.920,23.710,23.790,23.550,23.680,23.630,23.550
2011-05-30,23.500,23.270,23.270,23.680,23.210,23.340,23.760,24.100,25.940,27.090,27.300,25.600,25.390,24.810,25.180,25.280,24.290,23.760,-1,23.500,23.760,23.610,22.770,23.370
2011-05-31,23.400,23.240,23.340,23.190,23.210,23.290,23.320,23.970,25.910,27.800,25.990,25.410,25.700,25.990,25.390,24.920,24.180,23.890,23.840,23.870,23.400,23.580,23.530,23.500
2011-06-01,23.580,23.740,23.530,23.110,23.190,23.550,23.630,24.130,24.580,24.840,26.910,26.460,26.170,25.340,24.840,24.160,24.210,24.180,23.820,-1,23.870,23.710,23.680,23.680
2011-06-02,23.680,23.580,23.500,23.370,23.550,23.110,23.340,23.660,24.260,24.290,25.050,28.220,26.720,26.860,26.200,25.280,24.260,23.710,23.710,23.870,23.530,23.630,23.400,23.660
2011-06-03,23.190,23.210,23.080,23.160,23.450,23.500,23.610,23.970,-1,26.300,27.880,26.230,25.860,25.550,24.470,23.970,23.760,23.550,23.550,23.870,-1,23.820,23.710,22.980
2011-06-04,22.770,23.110,23.270,23.400,22.900,23.290,23.270,24.160,25.100,26.330,27.330,25.520,26.020,26.070,25.440,24.890,25.310,24.210,23.920,23.740,23.840,23.680,23.480,23.480
2011-06-05,23.660,23.550,23.500,23.270,23.130,23.580,23.340,23.530,25.780,29.920,30.370,28.320,26.960,28.580,26.930,25.910,25.310,24.940,24.180,24.130,23.740,-1,23.530,23.790
2011-06-06,23.790,23.660,23.740,23.660,23.550,23.760,23.870,24.290,25.940,29.480,30.890,29.240,27.430,27.010,24.290,23.950,24.470,24.500,24.210,24.260,23.760,23.630,24.100,23.970
2011-06-07,23.870,23.920,23.580,23.290,23.630,23.840,23.890,24.180,26.070,29.760,27.980,26.590,25.360,25.730,25.050,24.810,24.440,25.440,25.650,25.180,24.680,24.240,23.820,23.920
2011-06-08,24.030,24.160,23.920,23.950,24.000,23.970,23.970,23.970,24.580,25.940,26.490,26.440,25.650,25.440,25.810,25.490,24.940,24.470,24.340,24.260,24.260,24.310,24.000,23.870
2011-06-09,23.790,23.890,23.660,23.680,24.760,-1,-1,-1,-1,-1,-1,-1,-1,79.960,38.650,21.800,22.060,23.270,23.320,22.870,23.400,-1,-1,-1
2011-06-10,-1,35.270,-1,21.140,22.220,22.690,22.720,23.060,22.430,23.030,23.870,25.600,25.570,24.730,23.420,23.320,21.410,22.140,21.620,22.370,21.800,22.190,22.170,22.430
2011-06-11,22.580,22.660,22.660,22.450,22.870,23.080,23.130,23.240,23.580,24.970,25.150,25.780,25.020,24.600,24.550,24.760,24.970,24.050,23.920,23.710,23.320,23.580,23.630,24.000
2011-06-12,23.760,23.890,23.480,-1,22.980,23.340,23.660,23.680,24.030,24.180,24.730,24.500,24.580,24.370,24.290,24.240,23.950,24.050,23.790,23.680,23.790,23.840,23.480,23.710
2011-06-13,23.450,23.290,23.340,23.680,23.290,21.720,23.000,24.340,24.790,24.940,24.890,25.180,26.020,24.240,25.050,24.470,24.290,23.970,24.000,24.080,23.790,24.030,23.480,23.550
2011-06-14,23.710,23.500,23.580,23.270,-1,23.370,23.450,23.290,23.710,26.780,26.960,25.940,25.960,25.650,25.440,24.160,22.480,24.210,24.240,23.680,23.500,23.790,23.630,23.340
2011-06-15,22.980,23.550,23.610,23.660,23.580,23.890,23.680,23.820,24.370,25.620,28.920,28.510,25.550,24.600,23.920,24.100,23.610,23.370,24.160,23.890,23.840,24.050,23.790,23.760
2011-06-16,23.740,23.710,23.340,23.790,22.720,-1,23.870,24.470,26.880,26.750,26.070,25.910,23.610,24.470,25.680,15.270,30.680,-1,23.450,24.260,23.480,23.160,23.790,23.840
2011-06-17,23.840,23.340,23.550,23.680,23.400,27.640,23.480,19.650,25.860,26.100,26.120,26.750,27.250,25.890,25.490,25.550,25.260,24.810,24.630,24.050,23.660,24.260,23.920,23.480
2011-06-18,23.920,23.580,23.630,22.980,23.710,23.130,23.110,23.970,25.150,25.020,25.860,26.650,25.940,25.390,25.050,24.710,23.420,24.100,24.840,24.290,24.260,24.600,23.890,23.480
2011-06-19,24.100,24.030,24.000,24.080,-1,23.400,24.160,21.350,23.710,25.150,25.650,24.680,24.580,25.780,26.750,25.310,27.250,24.340,22.170,24.180,23.820,23.270,23.270,23.370
2011-06-20,23.270,23.530,23.450,23.970,23.530,22.930,23.210,23.970,24.970,26.200,26.440,25.960,26.230,26.040,25.890,24.970,24.920,24.630,24.100,23.550,23.760,23.760,23.630,23.450
2011-06-21,23.400,23.870,23.870,23.920,23.450,23.290,23.760,23.340,24.730,26.280,26.300,25.070,25.390,25.130,25.700,25.490,24.890,24.130,23.210,24.860,24.340,24.130,24.290,24.370
2011-06-22,24.130,23.580,23.290,27.410,-1,-1,-1,-1,-1,49.100,23.190,25.680,30.650,21.670,24.760,24.680,25.730,25.550,24.940,24.390,23.970,23.680,23.450,23.240
2011-06-23,22.300,22.950,23.340,23.270,23.210,23.420,23.340,23.130,24.030,28.450,30.760,28.110,25.100,25.050,26.200,24.440,25.310,25.650,24.840,24.730,24.790,23.970,24.180,24.130
2011-06-24,23.870,23.740,23.840,23.290,23.500,23.580,23.550,24.440,29.130,-1,25.810,30.030,35.290,-1,-1,-1,-1,-1,-1,-1,-1,-1,-1,-1
2011-06-25,-1,-1,-1,-1,-1,-1,-1,-1,-1,-1,-1,-1,-1,-1,-1,-1,-1,-1,-1,-1,-1,-1,-1,-1
2011-06-26,-1,-1,-1,-1,-1,-1,-1,-1,-1,-1,-1,-1,-1,-1,-1,-1,-1,-1,-1,-1,-1,-1,-1,-1
2011-06-27,-1,-1,-1,-1,-1,-1,-1,-1,-1,-1,-1,-1,-1,-1,-1,-1,-1,-1,-1,-1,-1,-1,-1,-1
2011-06-28,-1,-1,-1,-1,-1,-1,-1,-1,-1,-1,-1,-1,-1,-1,-1,-1,-1,-1,-1,-1,-1,-1,-1,-1
2011-06-29,-1,-1,-1,-1,-1,-1,-1,-1,-1,-1,-1,-1,-1,-1,-1,-1,-1,-1,-1,-1,-1,-1,-1,-1
2011-06-30,-1,-1,-1,-1,-1,-1,-1,-1,-1,-1,-1,-1,-1,-1,-1,-1,-1,-1,-1,-1,-1,-1,-1,-1
2011-07-01,-1,-1,-1,-1,-1,-1,-1,-1,-1,-1,-1,-1,-1,-1,-1,-1,-1,-1,-1,-1,-1,-1,-1,-1
2011-07-02,-1,-1,-1,-1,-1,-1,-1,-1,-1,-1,-1,-1,-1,-1,-1,-1,-1,-1,-1,-1,-1,-1,-1,-1
2011-07-03,-1,-1,-1,-1,-1,-1,-1,-1,-1,-1,-1,-1,-1,-1,-1,-1,-1,-1,-1,-1,-1,-1,-1,-1
2011-07-04,-1,-1,-1,-1,-1,-1,-1,-1,-1,-1,-1,-1,-1,-1,-1,-1,-1,-1,-1,-1,-1,-1,-1,-1
2011-07-05,-1,-1,-1,-1,-1,-1,-1,-1,-1,-1,-1,-1,-1,-1,-1,-1,-1,-1,-1,-1,-1,-1,-1,-1
2011-07-06,-1,-1,-1,-1,-1,-1,-1,-1,-1,-1,-1,-1,-1,-1,-1,-1,-1,-1,-1,-1,-1,-1,-1,-1
2011-07-07,-1,-1,-1,-1,-1,-1,-1,-1,-1,-1,-1,-1,-1,-1,-1,-1,-1,-1,-1,-1,-1,-1,-1,-1
2011-07-08,-1,-1,-1,-1,-1,-1,-1,-1,-1,-1,-1,-1,-1,-1,-1,-1,-1,-1,-1,-1,-1,-1,-1,-1
2011-07-09,-1,-1,-1,-1,-1,-1,-1,-1,-1,-1,-1,-1,-1,-1,-1,-1,-1,-1,-1,-1,-1,-1,-1,-1
2011-07-10,-1,-1,-1,-1,-1,-1,-1,-1,-1,-1,-1,-1,-1,-1,-1,-1,-1,-1,-1,-1,-1,-1,-1,-1
2011-07-11,-1,-1,-1,-1,-1,-1,-1,-1,-1,-1,-1,-1,-1,-1,-1,-1,-1,-1,-1,-1,-1,-1,-1,-1
2011-07-12,-1,-1,-1,-1,-1,-1,-1,-1,-1,-1,-1,-1,-1,-1,-1,-1,-1,-1,-1,-1,-1,-1,-1,-1
2011-07-13,-1,-1,-1,-1,-1,-1,-1,-1,-1,-1,-1,-1,-1,-1,-1,-1,-1,-1,-1,-1,-1,-1,-1,-1
2011-07-14,-1,-1,-1,-1,-1,-1,-1,-1,-1,-1,-1,-1,-1,-1,-1,-1,-1,-1,-1,-1,-1,-1,-1,-1
2011-07-15,-1,-1,-1,-1,-1,-1,-1,-1,-1,-1,15.120,-1,-1,-1,-1,4.170,-1,-1,-1,-1,-1,-1,-1,-1
2011-07-16,-1,-1,-1,-1,-1,-1,-1,-1,-1,-1,-1,-1,-1,-1,-1,-1,-1,-1,-1,-1,-1,-1,-1,-1
2011-07-17,-1,-1,-1,-1,-1,-1,-1,-1,-1,-1,-1,0.420,-1,-1,-1,-1,-1,-1,-1,-1,-1,-1,-1,-1
2011-07-18,-1,-1,-1,-1,-1,-1,-1,-1,-1,1.210,7.600,7.360,-1,-1,-1,-1,-1,-1,-1,-1,-1,-1,-1,-1
2011-07-19,-1,-1,-1,-1,-1,-1,-1,-1,-1,-1,-1,-1,-1,-1,-1,-1,-1,-1,-1,-1,-1,-1,-1,-1
2011-07-20,-1,-1,-1,-1,-1,-1,-1,-1,-1,-1,-1,-1,-1,-1,-1,-1,-1,-1,-1,-1,-1,-1,-1,-1
2011-07-21,-1,-1,-1,-1,-1,-1,-1,-1,0.050,0.580,-1,-1,-1,-1,-1,-1,-1,-1,-1,-1,-1,-1,-1,-1
2011-07-22,-1,-1,-1,-1,-1,-1,-1,-1,-1,-1,-1,-1,-1,-1,4.510,-1,40.710,22.480,0.710,-1,-1,-1,-1,-1
2011-07-23,-1,-1,-1,-1,-1,-1,-1,-1,-1,-1,-1,-1,-1,-1,-1,-1,-1,-1,-1,-1,-1,-1,-1,-1
2011-07-24,-1,-1,-1,-1,-1,-1,-1,-1,-1,-1,-1,-1,-1,-1,-1,-1,-1,-1,-1,-1,-1,-1,-1,-1
2011-07-25,-1,-1,-1,-1,-1,-1,-1,-1,-1,-1,-1,-1,-1,-1,-1,-1,-1,-1,-1,-1,-1,-1,-1,-1
2011-07-26,-1,-1,-1,-1,-1,-1,-1,-1,-1,-1,-1,-1,-1,-1,-1,-1,-1,-1,-1,-1,-1,-1,-1,-1
2011-07-27,-1,-1,-1,-1,-1,-1,-1,-1,-1,-1,-1,-1,-1,-1,-1,-1,-1,-1,-1,-1,-1,-1,-1,-1
2011-07-28,-1,-1,-1,-1,-1,-1,-1,-1,-1,-1,-1,0.030,-1,-1,-1,-1,-1,-1,-1,-1,-1,-1,-1,-1
2011-07-29,-1,-1,-1,-1,-1,-1,-1,-1,-1,-1,1.860,-1,-1,-1,-1,-1,-1,-1,-1,-1,-1,-1,-1,-1
2011-07-30,-1,-1,-1,-1,-1,-1,-1,-1,-1,-1,-1,-1,-1,-1,-1,-1,-1,-1,-1,-1,-1,-1,-1,-1
2011-07-31,-1,-1,-1,-1,-1,-1,-1,-1,-1,1.150,-1,-1,-1,-1,-1,-1,-1,-1,-1,-1,-1,-1,-1,-1
2011-08-01,-1,-1,-1,-1,-1,-1,-1,-1,-1,-1,-1,-1,-1,-1,-1,-1,-1,-1,-1,-1,-1,-1,-1,-1
2011-08-02,-1,-1,-1,-1,-1,-1,-1,-1,-1,-1,0.260,-1,-1,-1,-1,-1,-1,-1,-1,-1,-1,-1,-1,-1
2011-08-03,-1,-1,-1,-1,-1,-1,-1,-1,-1,0.130,-1,-1,-1,-1,-1,-1,-1,-1,-1,-1,-1,-1,-1,-1
2011-08-04,-1,-1,-1,-1,-1,-1,-1,-1,-1,5.290,0.710,1.830,0.840,0.340,-1,-1,-1,-1,-1,-1,-1,-1,-1,-1
2011-08-05,-1,-1,-1,-1,-1,-1,-1,-1,-1,-1,1.940,2.700,0.310,-1,-1,-1,-1,-1,-1,-1,-1,-1,-1,-1
2011-08-06,-1,-1,-1,-1,-1,-1,-1,-1,-1,1.000,1.260,1.210,-1,-1,-1,-1,-1,-1,-1,-1,-1,-1,-1,-1
2011-08-07,-1,-1,-1,-1,-1,-1,-1,-1,-1,-1,-1,-1,-1,-1,-1,-1,-1,-1,-1,-1,-1,-1,-1,-1
2011-08-08,-1,-1,-1,-1,-1,-1,-1,-1,1.210,1.280,-1,0.840,1.310,0.600,1.280,-1,-1,-1,-1,-1,-1,-1,-1,-1
2011-08-09,-1,-1,-1,-1,-1,-1,-1,-1,-1,0.790,2.490,1.180,-1,-1,0.080,-1,-1,-1,-1,-1,-1,-1,-1,-1
2011-08-10,-1,-1,-1,-1,-1,-1,-1,-1,-1,-1,0.290,2.170,1.130,0.240,0.260,0.210,-1,-1,-1,-1,-1,-1,-1,-1
2011-08-11,-1,-1,-1,-1,-1,-1,-1,5.320,4.790,-1,0.710,-1,-1,-1,-1,-1,-1,-1,-1,-1,-1,-1,-1,-1
2011-08-12,-1,-1,-1,-1,-1,-1,-1,-1,-1,-1,2.750,9.070,-1,-1,-1,-1,-1,-1,-1,-1,-1,-1,-1,-1
2011-08-13,-1,-1,-1,-1,-1,-1,-1,-1,0.340,0.710,2.280,2.020,1.020,0.180,-1,-1,-1,-1,-1,-1,-1,-1,-1,-1
2011-08-14,-1,-1,-1,-1,-1,-1,-1,-1,-1,4.030,-1,4.660,1.830,-1,-1,-1,-1,-1,-1,-1,-1,-1,-1,-1
2011-08-15,-1,-1,-1,-1,-1,-1,-1,-1,-1,-1,0.290,0.420,1.390,2.330,-1,-1,-1,-1,-1,-1,-1,-1,-1,-1
2011-08-16,-1,-1,-1,-1,-1,-1,-1,-1,-1,3.930,8.720,3.280,0.600,0.710,0.290,-1,-1,-1,-1,-1,-1,-1,-1,-1
2011-08-17,-1,-1,-1,-1,-1,-1,-1,-1,-1,-1,0.390,-1,0.180,-1,0.210,-1,-1,-1,-1,-1,-1,-1,-1,-1
2011-08-18,-1,-1,-1,-1,-1,-1,-1,-1,-1,-1,1.310,1.620,-1,-1,-1,-1,-1,-1,-1,-1,-1,-1,-1,-1
2011-08-19,-1,-1,-1,-1,-1,-1,-1,-1,-1,-1,4.030,5.160,4.450,-1,-1,-1,-1,-1,-1,-1,-1,-1,-1,-1
2011-08-20,-1,-1,-1,-1,-1,-1,-1,-1,-1,0.390,2.100,1.650,1.260,-1,0.390,-1,-1,-1,-1,-1,-1,-1,-1,-1
2011-08-21,-1,-1,-1,-1,-1,-1,-1,-1,3.170,1.410,-1,-1,-1,0.210,1.210,-1,-1,-1,-1,-1,-1,-1,-1,-1
2011-08-22,-1,-1,-1,-1,-1,-1,-1,-1,-1,0.180,0.630,0.470,1.050,-1,-1,-1,0.310,-1,-1,-1,-1,-1,-1,-1
2011-08-23,-1,-1,-1,-1,-1,-1,-1,1.830,5.080,2.780,1.180,2.490,3.120,2.750,4.350,1.650,1.490,0.050,-1,-1,3.070,0.970,-1,-1
2011-08-24,-1,-1,-1,-1,-1,-1,-1,0.790,4.140,5.420,8.860,3.980,2.670,1.890,1.050,-1,0.600,0.260,0.100,-1,0.600,-1,-1,-1
2011-08-25,-1,-1,-1,-1,-1,-1,-1,-1,1.570,3.010,-1,1.830,3.430,1.410,1.000,-1,-1,-1,-1,-1,0.310,-1,-1,-1
2011-08-26,-1,-1,-1,-1,-1,-1,-1,2.070,5.060,5.660,6.370,12.290,9.620,3.720,1.390,0.940,-1,-1,0.080,0.050,1.970,1.470,-1,-1
2011-08-27,-1,-1,-1,-1,-1,-1,-1,0.760,-1,-1,3.960,3.880,3.200,1.600,0.080,-1,-1,0.580,1.050,1.020,-1,-1,-1,-1
2011-08-28,-1,-1,-1,-1,-1,-1,-1,-1,0.390,0.470,1.550,0.160,0.600,-1,1.000,-1,-1,-1,-1,-1,-1,-1,-1,-1
2011-08-29,-1,-1,-1,-1,-1,-1,-1,-1,1.150,3.070,4.320,3.280,1.730,1.550,0.420,1.230,0.470,-1,-1,-1,-1,-1,-1,-1
2011-08-30,-1,-1,-1,-1,-1,-1,-1,-1,2.170,3.540,2.230,1.070,-1,-1,-1,-1,-1,-1,-1,-1,-1,-1,-1,-1
2011-08-31,-1,-1,-1,-1,-1,-1,-1,-1,-1,-1,2.540,0.920,-1,-1,-1,-1,-1,-1,-1,-1,-1,-1,-1,-1
2011-09-01,-1,-1,-1,-1,-1,-1,-1,-1,-1,-1,0.310,2.150,-1,-1,-1,-1,-1,-1,-1,-1,-1,-1,-1,-1
2011-09-02,-1,-1,-1,-1,-1,-1,-1,-1,-1,1.340,1.310,1.490,3.930,0.860,-1,-1,-1,-1,-1,-1,-1,-1,-1,-1
2011-09-03,-1,-1,-1,-1,-1,-1,-1,-1,-1,-1,1.730,1.860,0.260,-1,-1,-1,-1,-1,-1,-1,-1,-1,-1,-1
2011-09-04,-1,-1,-1,-1,-1,-1,-1,-1,-1,-1,-1,1.440,-1,0.030,0.050,-1,-1,-1,-1,-1,-1,-1,-1,-1
2011-09-05,-1,-1,-1,-1,-1,-1,-1,-1,-1,-1,-1,-1,1.990,-1,-1,-1,-1,-1,-1,-1,-1,-1,-1,-1
2011-09-06,-1,-1,-1,-1,-1,-1,-1,-1,-1,3.120,12.240,-1,0.340,0.160,-1,-1,-1,-1,-1,-1,-1,-1,-1,-1
2011-09-07,-1,-1,-1,-1,-1,-1,-1,-1,-1,-1,2.230,1.150,-1,-1,0.920,-1,-1,-1,-1,-1,-1,-1,-1,-1
2011-09-08,-1,-1,-1,-1,-1,-1,-1,-1,-1,-1,2.360,1.340,0.630,-1,-1,-1,-1,-1,-1,-1,-1,-1,-1,-1
2011-09-09,-1,-1,-1,-1,-1,-1,-1,-1,-1,0.130,-1,0.290,2.860,-1,-1,-1,-1,-1,-1,-1,-1,-1,-1,-1
2011-09-10,-1,-1,-1,-1,-1,-1,-1,-1,-1,2.620,3.410,5.480,7.210,2.780,2.170,1.130,0.890,1.520,1.570,2.380,0.760,-1,-1,-1
2011-09-11,-1,-1,-1,-1,-1,-1,-1,-1,1.470,0.500,1.650,4.740,2.930,1.070,1.310,0.790,0.160,-1,-1,-1,-1,-1,-1,-1
2011-09-12,-1,-1,-1,-1,-1,-1,-1,-1,2.120,0.760,4.660,6.680,1.940,2.020,0.370,0.790,-1,0.580,0.100,-1,-1,-1,-1,-1
2011-09-13,-1,-1,-1,-1,-1,-1,-1,-1,0.550,2.490,6.630,4.510,2.170,2.380,-1,1.730,-1,-1,0.130,-1,-1,-1,-1,-1
2011-09-14,-1,-1,-1,-1,-1,-1,-1,-1,1.680,3.460,6.420,5.340,4.110,3.540,4.400,2.540,1.890,1.000,1.050,-1,-1,-1,-1,-1
2011-09-15,-1,-1,-1,-1,-1,-1,-1,-1,1.360,2.490,7.680,8.100,5.160,2.670,1.550,2.120,1.100,0.260,-1,-1,-1,-1,-1,-1
2011-09-16,-1,-1,-1,-1,-1,-1,-1,-1,-1,0.730,1.810,3.930,4.770,2.410,1.910,0.240,0.180,-1,-1,-1,-1,-1,-1,-1
2011-09-17,-1,-1,-1,-1,-1,-1,-1,-1,-1,2.310,8.280,7.440,6.160,3.690,1.760,0.520,0.860,0.050,-1,-1,-1,-1,-1,-1
2011-09-18,-1,-1,-1,-1,-1,-1,-1,-1,0.050,1.700,3.300,2.460,2.750,2.700,1.550,2.120,1.210,2.460,1.650,-1,0.660,-1,0.130,0.130
2011-09-19,0.030,-1,-1,-1,-1,-1,-1,-1,1.180,1.520,0.940,0.920,1.050,1.600,0.080,-1,-1,-1,-1,-1,-1,-1,-1,-1
2011-09-20,-1,-1,-1,-1,-1,-1,-1,-1,-1,-1,-1,-1,-1,-1,-1,-1,-1,-1,-1,-1,-1,-1,-1,-1
2011-09-21,-1,-1,-1,-1,-1,-1,-1,-1,-1,0.710,6.630,6.260,3.040,1.760,3.690,1.210,-1,-1,-1,-1,-1,-1,-1,-1
2011-09-22,-1,-1,-1,-1,-1,-1,-1,-1,-1,7.570,-1,-1,55.540,18.030,5.190,1.470,-1,-1,0.130,-1,-1,-1,-1,-1
2011-09-23,-1,-1,-1,-1,-1,-1,-1,-1,-1,1.390,2.800,2.460,3.410,2.440,3.040,-1,-1,0.680,-1,-1,-1,-1,-1,-1
2011-09-24,-1,-1,-1,-1,-1,-1,-1,-1,-1,-1,1.520,3.090,2.780,1.890,0.920,-1,-1,-1,-1,-1,-1,-1,-1,-1
2011-09-25,-1,-1,-1,-1,-1,-1,-1,-1,-1,-1,1.830,3.540,2.410,4.770,3.170,0.290,-1,-1,-1,-1,-1,-1,-1,-1
2011-09-26,-1,-1,-1,-1,-1,-1,-1,-1,-1,0.500,-1,0.550,0.210,0.340,0.500,0.310,0.100,1.210,0.500,-1,0.420,1.310,0.920,0.550
2011-09-27,0.180,-1,-1,-1,-1,-1,-1,-1,2.040,5.480,3.670,2.200,3.070,3.040,1.340,1.940,1.020,1.100,-1,-1,0.100,1.440,0.550,-1
2011-09-28,0.210,-1,-1,-1,-1,-1,-1,-1,4.900,1.340,2.670,-1,1.280,0.370,0.550,-1,0.160,-1,0.130,0.100,4.590,4.480,2.650,0.660
2011-09-29,-1,-1,-1,-1,-1,-1,-1,0.340,4.010,9.200,14.750,9.300,3.090,3.640,4.980,2.930,1.390,1.070,3.090,9.090,12.550,11.190,4.510,3.250
2011-09-30,0.840,-1,-1,-1,-1,-1,-1,1.100,3.800,6.940,5.920,2.100,-1,2.120,1.810,0.760,1.260,-1,6.920,6.790,7.890,4.090,3.880,2.100
2011-10-01,1.000,0.160,-1,-1,-1,-1,-1,0.160,3.800,8.860,8.720,4.110,4.090,3.410,3.720,2.150,3.070,1.990,0.240,0.210,-1,-1,-1,-1
2011-10-02,-1,-1,-1,-1,-1,-1,-1,-1,1.520,5.710,7.760,3.830,2.720,-1,1.550,2.070,0.660,1.390,0.600,-1,-1,-1,-1,-1
2011-10-03,-1,-1,-1,-1,-1,-1,-1,-1,2.170,6.130,6.210,4.560,3.690,2.800,3.540,2.170,1.760,0.790,0.730,-1,0.050,-1,-1,-1
2011-10-04,-1,-1,-1,-1,-1,-1,-1,-1,0.240,3.120,5.530,5.160,3.040,1.620,-1,2.490,1.830,0.600,-1,-1,-1,-1,-1,-1
2011-10-05,-1,-1,-1,-1,-1,-1,-1,-1,-1,0.790,-1,8.200,4.690,4.090,3.040,2.150,2.540,1.280,-1,-1,-1,-1,-1,-1
2011-10-06,-1,-1,-1,-1,-1,-1,-1,-1,-1,0.890,3.220,5.710,6.240,5.030,3.220,-1,0.310,-1,-1,-1,-1,-1,-1,-1
2011-10-07,-1,-1,-1,-1,-1,-1,-1,-1,-1,-1,1.730,1.810,2.070,1.390,0.890,-1,-1,-1,-1,-1,-1,-1,-1,-1
2011-10-08,-1,-1,-1,-1,-1,-1,-1,-1,-1,-1,-1,-1,-1,-1,-1,-1,-1,-1,-1,-1,-1,-1,-1,-1
2011-10-09,-1,-1,-1,-1,-1,-1,-1,-1,-1,-1,-1,-1,-1,-1,-1,-1,-1,-1,-1,-1,-1,-1,-1,-1
2011-10-10,-1,-1,-1,-1,-1,-1,-1,-1,-1,-1,0.210,0.520,0.260,0.730,-1,-1,0.310,-1,-1,-1,-1,-1,-1,-1
2011-10-11,-1,-1,-1,-1,-1,-1,-1,-1,-1,-1,0.660,3.960,5.580,5.030,2.830,1.390,0.940,0.470,-1,-1,-1,-1,-1,-1
2011-10-12,-1,-1,-1,-1,-1,-1,-1,-1,-1,-1,-1,4.300,5.710,3.770,2.250,1.100,0.340,-1,1.000,-1,-1,62.230,-1,-1
2011-10-13,-1,-1,-1,-1,-1,-1,-1,-1,-1,-1,-1,-1,-1,-1,-1,-1,-1,-1,-1,-1,-1,-1,-1,2.410
2011-10-14,1.280,1.600,1.440,1.570,1.550,1.310,1.810,2.570,-1,-1,-1,-1,-1,-1,-1,-1,-1,-1,-1,-1,-1,-1,-1,-1
2011-10-15,-1,-1,-1,-1,-1,-1,-1,-1,-1,-1,-1,-1,-1,-1,-1,-1,-1,-1,-1,-1,-1,-1,-1,-1
2011-10-16,-1,-1,-1,-1,-1,-1,-1,-1,-1,-1,-1,-1,-1,-1,-1,-1,-1,-1,-1,-1,-1,-1,-1,-1
2011-10-17,-1,-1,-1,-1,-1,-1,-1,-1,-1,-1,-1,-1,-1,-1,-1,-1,-1,-1,-1,-1,-1,-1,-1,-1
2011-10-18,-1,-1,-1,-1,-1,-1,-1,-1,-1,-1,-1,-1,-1,-1,-1,-1,-1,-1,-1,-1,-1,-1,-1,-1
2011-10-19,-1,-1,-1,-1,-1,-1,-1,-1,-1,-1,-1,-1,-1,-1,-1,-1,-1,-1,-1,-1,-1,-1,-1,-1
2011-10-20,-1,-1,-1,-1,-1,-1,-1,-1,-1,-1,-1,-1,-1,-1,-1,-1,-1,-1,-1,-1,-1,-1,-1,-1
2011-10-21,-1,-1,-1,-1,-1,-1,-1,-1,-1,-1,-1,-1,-1,-1,-1,-1,-1,-1,-1,-1,-1,-1,-1,-1
2011-10-22,-1,-1,-1,-1,-1,-1,-1,-1,-1,-1,-1,-1,-1,-1,-1,-1,-1,-1,-1,-1,-1,-1,-1,-1
2011-10-23,-1,-1,-1,-1,-1,-1,-1,-1,-1,-1,-1,-1,-1,-1,-1,-1,-1,-1,-1,-1,-1,-1,-1,-1
2011-10-24,-1,-1,-1,-1,-1,-1,-1,-1,-1,-1,-1,-1,-1,-1,-1,-1,-1,-1,-1,-1,-1,-1,-1,-1
2011-10-25,-1,-1,-1,-1,-1,-1,-1,-1,-1,-1,-1,-1,-1,-1,-1,-1,-1,-1,-1,-1,-1,-1,-1,-1
2011-10-26,-1,-1,-1,-1,-1,-1,-1,-1,-1,-1,-1,-1,-1,-1,-1,-1,-1,-1,-1,-1,-1,-1,-1,-1
2011-10-27,-1,-1,-1,-1,-1,-1,-1,-1,-1,-1,-1,-1,-1,-1,-1,-1,-1,-1,-1,-1,-1,-1,-1,-1
2011-10-28,-1,-1,-1,-1,-1,-1,-1,-1,-1,-1,-1,-1,-1,-1,-1,-1,-1,-1,-1,-1,-1,-1,-1,-1
2011-10-29,-1,-1,-1,-1,-1,-1,-1,-1,-1,-1,-1,-1,-1,-1,-1,-1,-1,-1,-1,-1,-1,-1,-1,-1
2011-10-30,-1,-1,-1,-1,-1,-1,-1,-1,-1,-1,-1,-1,-1,-1,-1,-1,-1,-1,-1,-1,-1,-1,-1,-1
2011-10-31,-1,-1,-1,-1,-1,-1,-1,-1,-1,-1,-1,-1,-1,-1,-1,-1,-1,-1,-1,-1,-1,-1,-1,-1
2011-11-01,-1,-1,-1,-1,-1,-1,-1,-1,-1,-1,-1,-1,-1,-1,-1,-1,-1,-1,-1,-1,-1,-1,-1,-1
2011-11-02,-1,-1,-1,-1,-1,-1,-1,-1,-1,-1,-1,-1,-1,-1,-1,-1,-1,-1,-1,-1,-1,-1,-1,-1
2011-11-03,-1,-1,-1,-1,-1,-1,-1,-1,-1,-1,-1,-1,-1,-1,-1,-1,-1,-1,-1,-1,-1,-1,-1,-1
2011-11-04,-1,-1,-1,-1,-1,-1,-1,-1,-1,-1,-1,-1,-1,-1,-1,-1,-1,-1,-1,-1,-1,-1,-1,-1
2011-11-05,-1,-1,-1,-1,-1,-1,-1,-1,-1,-1,-1,-1,-1,-1,-1,-1,-1,-1,-1,-1,-1,-1,-1,-1
2011-11-06,-1,-1,-1,-1,-1,-1,-1,-1,-1,-1,-1,-1,-1,-1,-1,-1,-1,-1,-1,-1,-1,-1,-1,-1
2011-11-07,-1,-1,-1,-1,-1,-1,-1,-1,-1,-1,-1,-1,-1,-1,-1,-1,-1,-1,-1,-1,-1,-1,-1,-1
2011-11-08,-1,-1,-1,-1,-1,-1,-1,-1,-1,-1,-1,-1,-1,-1,-1,-1,-1,-1,-1,-1,-1,-1,-1,-1
2011-11-09,-1,-1,-1,-1,-1,-1,-1,-1,-1,-1,-1,-1,-1,-1,-1,-1,-1,-1,-1,-1,-1,-1,-1,-1
2011-11-10,-1,-1,-1,-1,-1,-1,-1,-1,-1,-1,-1,-1,-1,-1,-1,-1,-1,-1,-1,-1,-1,-1,-1,-1
2011-11-11,-1,-1,-1,-1,-1,-1,-1,-1,-1,-1,-1,-1,-1,-1,-1,-1,-1,-1,-1,-1,-1,-1,-1,-1
2011-11-12,-1,-1,-1,-1,-1,-1,-1,-1,-1,-1,-1,-1,-1,-1,-1,-1,-1,-1,-1,-1,-1,-1,-1,-1
2011-11-13,-1,-1,-1,-1,-1,-1,-1,-1,-1,-1,-1,-1,-1,-1,-1,-1,-1,-1,-1,-1,-1,-1,-1,-1
2011-11-14,-1,-1,-1,-1,-1,-1,-1,-1,-1,-1,-1,-1,-1,-1,-1,-1,-1,-1,-1,-1,-1,-1,-1,-1
2011-11-15,-1,-1,-1,-1,-1,-1,-1,-1,-1,-1,-1,-1,-1,-1,-1,-1,-1,-1,-1,-1,-1,-1,-1,-1
2011-11-16,-1,-1,-1,-1,-1,-1,-1,-1,-1,-1,-1,-1,-1,-1,-1,-1,-1,-1,-1,-1,-1,-1,-1,-1
2011-11-17,-1,-1,-1,-1,-1,-1,-1,-1,-1,-1,-1,-1,-1,-1,-1,-1,-1,-1,-1,-1,-1,-1,-1,-1
2011-11-18,-1,-1,-1,-1,-1,-1,-1,-1,-1,-1,-1,-1,-1,-1,-1,-1,-1,-1,-1,-1,-1,-1,-1,-1
2011-11-19,-1,-1,-1,-1,-1,-1,-1,-1,-1,-1,-1,-1,-1,-1,-1,-1,-1,-1,-1,-1,-1,-1,-1,-1
2011-11-20,-1,-1,-1,-1,-1,-1,-1,-1,-1,-1,-1,-1,-1,-1,-1,-1,-1,-1,-1,-1,-1,-1,-1,-1
2011-11-21,-1,-1,-1,-1,-1,-1,-1,-1,-1,-1,-1,-1,-1,-1,-1,68.880,22.300,20.670,21.250,19.260,18.970,18.340,18.600,-1
2011-11-22,-1,-1,-1,-1,-1,-1,-1,-1,-1,-1,-1,-1,-1,-1,-1,-1,-1,-1,-1,-1,-1,-1,-1,-1
2011-11-23,-1,-1,-1,-1,-1,-1,-1,-1,-1,-1,5.630,4.870,5.110,5.400,4.770,4.170,5.210,5.820,5.370,4.400,2.620,3.200,2.700,3.410
2011-11-24,2.650,3.170,2.100,2.440,2.440,2.040,2.310,2.410,2.860,3.880,3.670,2.910,4.510,5.480,4.790,4.980,3.640,3.140,-1,3.590,3.220,3.380,2.910,2.170
2011-11-25,2.570,2.410,2.070,1.730,1.520,1.810,2.150,2.330,2.860,3.590,4.980,14.750,12.080,10.530,7.730,7.700,6.240,6.050,5.740,3.480,2.650,3.090,2.520,2.440
2011-11-26,2.020,1.830,1.180,1.970,1.890,1.360,1.490,1.730,1.940,2.670,3.010,5.110,4.690,5.710,4.270,4.690,3.590,3.540,3.770,-1,2.590,1.810,1.990,1.700
2011-11-27,1.730,1.570,1.650,1.700,1.440,1.390,1.280,1.780,1.050,1.650,3.070,12.760,18.730,8.120,5.710,6.210,4.980,4.930,4.400,4.170,2.800,2.310,1.830,1.780
2011-11-28,1.260,-1,0.260,2.070,-1,1.680,1.700,1.890,2.460,1.970,3.510,17.660,18.890,9.140,6.790,6.260,6.420,6.840,5.760,4.170,-1,2.520,2.590,2.230
2011-11-29,2.280,1.280,1.180,1.910,1.730,1.860,2.040,2.120,1.910,2.250,3.140,14.380,14.360,16.720,17.240,12.790,7.070,4.820,5.190,4.900,3.900,-1,2.310,2.150
2011-11-30,2.020,1.910,2.170,1.940,2.360,1.910,1.910,1.860,2.250,2.750,3.510,25.050,24.000,16.870,9.750,10.190,9.430,5.790,5.420,4.300,3.430,-1,2.930,2.460
2011-12-01,2.490,2.380,2.100,1.890,2.250,1.860,1.620,1.680,2.330,2.280,2.650,18.680,18.840,9.640,8.520,7.960,6.580,5.840,6.180,3.830,3.410,2.670,2.230,1.780
2011-12-02,2.040,1.410,1.520,1.910,1.940,1.860,1.990,1.600,2.230,3.350,4.170,8.440,9.750,7.230,6.340,5.110,3.980,3.830,4.720,3.690,3.070,2.620,-1,2.040
2011-12-03,1.760,2.070,1.970,1.730,1.550,1.470,-1,2.070,2.250,2.280,2.670,8.330,7.810,7.150,6.180,6.240,5.160,4.770,4.930,4.010,2.930,2.860,1.360,0.940
2011-12-04,1.600,1.830,2.100,1.550,1.910,2.440,2.570,2.520,2.860,3.350,4.640,9.540,8.200,6.390,6.180,5.140,4.060,2.830,3.090,2.860,2.720,2.830,2.990,-1
2011-12-05,3.120,2.650,2.330,2.930,2.310,2.520,2.620,2.780,2.070,3.280,2.700,2.670,3.070,2.670,3.330,2.830,2.570,3.120,2.910,2.720,3.090,-1,1.910,1.990
2011-12-06,2.280,2.650,2.360,2.310,2.800,2.380,2.490,2.070,2.860,3.010,3.200,3.590,3.560,3.540,3.300,3.880,-1,5.320,3.690,4.030,3.620,3.200,2.150,2.590
2011-12-07,-1,1.730,2.120,2.280,2.440,2.040,2.520,2.570,2.830,2.540,2.830,3.430,3.900,2.960,2.860,2.800,3.410,1.760,3.690,2.930,2.520,0.240,1.940,1.520
2011-12-08,1.830,1.890,1.600,1.260,1.890,1.830,2.020,1.990,2.040,2.280,2.020,2.460,2.830,2.310,2.460,2.460,2.650,2.700,2.460,2.930,3.720,3.540,2.020,1.890
2011-12-09,2.200,-1,1.570,1.550,1.340,1.150,1.050,1.570,2.330,3.010,3.170,14.330,10.720,12.340,5.820,6.160,6.470,6.160,3.430,2.720,0.730,2.570,1.860,2.310
2011-12-10,2.070,2.620,1.940,1.650,0.810,1.620,1.910,1.360,0.920,2.230,2.280,1.990,2.250,2.100,1.550,1.910,1.910,2.230,1.470,1.520,2.360,1.860,1.650,1.130
2011-12-11,1.100,2.170,-1,1.890,1.860,1.970,1.730,1.940,1.990,2.170,2.280,3.350,3.800,2.930,3.090,2.620,3.590,2.990,3.090,3.620,2.780,2.330,2.590,2.460
2011-12-12,2.020,2.100,2.250,1.780,2.070,2.020,1.550,1.700,2.650,3.170,2.830,4.350,3.670,2.910,3.010,-1,38.040,0.600,-1,2.150,2.380,1.890,2.360,2.250
2011-12-13,2.490,2.020,2.250,-1,2.250,2.250,1.970,2.590,2.540,2.880,2.150,1.910,1.070,1.990,1.910,1.970,1.810,2.330,2.280,3.640,3.590,2.880,2.230,0.680
2011-12-14,2.700,2.410,1.940,1.860,1.830,1.550,1.730,1.490,1.940,2.150,1.620,5.340,8.650,3.690,2.830,2.570,2.780,2.650,2.590,2.360,1.410,0.100,1.940,1.780
2011-12-15,2.070,2.070,1.940,1.890,-1,1.600,1.760,1.890,2.040,2.410,2.230,2.590,3.120,3.590,2.750,3.010,2.620,2.620,2.620,2.490,2.170,2.170,1.730,1.620
2011-12-16,2.750,2.250,2.310,2.120,2.490,1.650,2.020,1.680,2.020,1.730,2.410,3.380,3.430,2.620,2.720,2.460,2.440,2.800,2.830,2.650,2.440,3.040,2.230,2.990
2011-12-17,3.120,3.170,2.830,3.070,3.480,-1,3.040,3.480,3.620,3.070,3.350,3.590,2.460,3.510,4.140,4.060,3.800,3.850,3.380,3.750,3.170,2.910,2.880,2.670
2011-12-18,3.010,3.040,2.490,2.120,2.230,2.200,2.040,2.490,3.200,2.750,2.490,3.620,3.750,2.460,3.140,2.720,2.380,2.860,2.780,2.570,2.520,3.120,2.720,2.460
2011-12-19,2.720,1.680,2.360,2.360,2.410,2.120,-1,1.890,2.570,2.800,3.140,2.750,2.520,2.280,2.520,2.540,2.310,2.520,2.330,1.310,3.010,2.380,2.780,2.650
2011-12-20,2.490,2.520,2.590,2.280,2.410,1.810,2.170,2.460,2.700,2.670,3.010,2.780,2.310,2.990,2.330,2.830,3.140,2.720,2.540,2.540,2.720,2.460,2.440,0.970
2011-12-21,1.020,1.440,2.460,2.120,2.330,0.710,1.810,-1,1.310,1.910,1.680,2.720,3.120,3.010,3.200,3.590,2.780,2.620,3.830,3.380,3.480,3.280,4.010,3.040
2011-12-22,2.310,2.540,2.930,2.910,2.250,2.720,3.300,2.990,3.560,3.070,3.040,7.410,9.140,6.970,9.640,8.830,7.910,9.430,6.130,7.130,5.420,6.100,7.620,5.000
2011-12-23,3.640,3.350,3.200,2.780,2.860,2.780,2.360,2.020,-1,4.640,4.060,22.220,25.570,11.370,11.030,10.580,7.150,8.620,7.340,6.240,5.420,4.430,3.620,3.800
2011-12-24,3.750,2.830,2.280,2.460,2.460,2.120,2.020,2.960,2.570,2.590,2.830,15.900,19.000,8.230,6.130,6.260,5.790,5.690,5.060,3.460,3.070,3.410,3.540,3.220
2011-12-25,2.800,3.140,2.170,2.200,-1,1.830,2.040,1.990,1.970,-1,4.480,8.620,10.720,10.190,8.990,7.860,6.680,7.340,4.400,3.960,4.320,4.640,4.030,2.570
2011-12-26,2.540,2.310,2.490,0.760,1.990,1.680,1.650,1.700,2.150,3.850,3.850,9.040,8.360,9.960,8.250,6.370,5.480,4.790,4.790,4.640,3.410,2.650,2.380,1.760
2011-12-27,1.410,2.230,1.810,1.410,1.440,0.760,1.100,1.570,2.620,2.800,-1,21.200,16.690,10.820,6.890,5.760,5.060,4.300,5.030,3.220,2.880,2.410,1.050,1.130
2011-12-28,1.050,1.070,0.810,1.150,0.810,1.070,0.580,1.180,1.700,2.150,2.230,14.800,22.930,12.260,9.930,11.210,9.410,6.310,5.240,4.400,4.090,2.670,2.040,2.520
2011-12-29,1.050,1.310,1.520,1.260,0.450,0.920,1.130,1.440,2.040,2.650,3.880,-1,15.220,15.140,8.620,8.590,7.910,6.030,5.950,4.690,3.770,1.810,3.250,2.360
2011-12-30,1.700,2.410,2.120,1.650,1.780,2.310,2.070,3.070,3.300,2.990,4.820,6.730,11.950,12.160,7.890,7.760,7.410,6.500,5.340,5.660,4.610,6.160,4.740,4.900
2011-12-31,4.590,3.510,3.560,3.770,3.770,3.640,3.880,-1,-1,-1,-1,-1,-1,-1,6.680,5.000,5.370,6.450,5.420,5.160,3.980,2.880,2.440,2.930
